{
    "camera_angle_x": 0.6911112070083618,
    "frames": [
        {
            "file_path": "results_train_200/r_0.exr",
            "transform_matrix": [
                [
                    -0.1654297113418579,
                    -0.6315438151359558,
                    -0.7574862241744995,
                    -3.4086880683898926
                ],
                [
                    -0.9862216114997864,
                    0.10593573749065399,
                    0.12706142663955688,
                    0.5717763900756836
                ],
                [
                    0.0,
                    0.7680690884590149,
                    -0.6403670310974121,
                    -2.8816516399383545
                ],
                [
                    0.0,
                    0.0,
                    0.0,
                    1.0
                ]
            ],
            "hdri_path": "gamrig_2k.hdr"        },
        {
            "file_path": "results_train_200/r_1.exr",
            "transform_matrix": [
                [
                    0.7030715346336365,
                    0.25994864106178284,
                    0.6619042158126831,
                    2.9785690307617188
                ],
                [
                    0.7111191749572754,
                    -0.25700682401657104,
                    -0.6544135212898254,
                    -2.9448606967926025
                ],
                [
                    0.0,
                    0.9307923316955566,
                    -0.36554861068725586,
                    -1.6449687480926514
                ],
                [
                    0.0,
                    0.0,
                    0.0,
                    1.0
                ]
            ],
            "hdri_path": "white_cliff_top-78341cc45659cb8d463e8d5a0c94b5c53203f2c2.hdr"        },
        {
            "file_path": "results_train_200/r_2.exr",
            "transform_matrix": [
                [
                    -0.4862900376319885,
                    -0.626175582408905,
                    -0.6094474196434021,
                    -2.742513418197632
                ],
                [
                    -0.8737975358963013,
                    0.34848228096961975,
                    0.3391726613044739,
                    1.52627694606781
                ],
                [
                    -1.4901161193847656e-08,
                    0.69746994972229,
                    -0.7166140675544739,
                    -3.2247633934020996
                ],
                [
                    0.0,
                    0.0,
                    0.0,
                    1.0
                ]
            ],
            "hdri_path": "tiber_island-20086f754d7c4fd392d5b9c37d9151a019c2b32b.hdr"        },
        {
            "file_path": "results_train_200/r_3.exr",
            "transform_matrix": [
                [
                    -0.9666028022766113,
                    0.164755716919899,
                    -0.1963026076555252,
                    -0.8833616971969604
                ],
                [
                    -0.25627946853637695,
                    -0.6214050054550171,
                    0.7403895854949951,
                    3.3317530155181885
                ],
                [
                    -7.450580596923828e-09,
                    0.7659709453582764,
                    0.6428752541542053,
                    2.8929386138916016
                ],
                [
                    0.0,
                    0.0,
                    0.0,
                    1.0
                ]
            ],
            "hdri_path": "vulture_hide-842488cf8f277cbf21fdefec354066315c97efe2.hdr"        },
        {
            "file_path": "results_train_200/r_4.exr",
            "transform_matrix": [
                [
                    -0.6750058531761169,
                    0.24086026847362518,
                    -0.6973904967308044,
                    -3.1382572650909424
                ],
                [
                    -0.7378124594688416,
                    -0.22035692632198334,
                    0.6380248069763184,
                    2.8711116313934326
                ],
                [
                    0.0,
                    0.9452138543128967,
                    0.3264518976211548,
                    1.4690334796905518
                ],
                [
                    0.0,
                    0.0,
                    0.0,
                    1.0
                ]
            ],
            "hdri_path": "signal_hill_dawn-edacd33cb3e88ef879e0e837fdb10fe50fcf5363.hdr"        },
        {
            "file_path": "results_train_200/r_5.exr",
            "transform_matrix": [
                [
                    0.1437409520149231,
                    0.5176342129707336,
                    -0.843441367149353,
                    -3.7954862117767334
                ],
                [
                    -0.9896154403686523,
                    0.07518600672483444,
                    -0.12250927090644836,
                    -0.5512917041778564
                ],
                [
                    0.0,
                    0.8522921204566956,
                    0.5230661034584045,
                    2.353797435760498
                ],
                [
                    0.0,
                    0.0,
                    0.0,
                    1.0
                ]
            ],
            "hdri_path": "blue_lagoon-5677119e0546aa50f9e7282719ed35e0c47b0c35.hdr"        },
        {
            "file_path": "results_train_200/r_6.exr",
            "transform_matrix": [
                [
                    -0.7111800909042358,
                    0.06306227296590805,
                    -0.7001757025718689,
                    -3.1507906913757324
                ],
                [
                    -0.703009843826294,
                    -0.06379517167806625,
                    0.70831298828125,
                    3.187408447265625
                ],
                [
                    0.0,
                    0.9959685206413269,
                    0.0897032618522644,
                    0.4036646783351898
                ],
                [
                    0.0,
                    0.0,
                    0.0,
                    1.0
                ]
            ],
            "hdri_path": "snowy_park_01_2k.hdr"        },
        {
            "file_path": "results_train_200/r_7.exr",
            "transform_matrix": [
                [
                    -0.5505787134170532,
                    -0.17096514999866486,
                    0.8170887231826782,
                    3.6768991947174072
                ],
                [
                    0.8347832560539246,
                    -0.1127595379948616,
                    0.5389083623886108,
                    2.4250876903533936
                ],
                [
                    0.0,
                    0.9788034558296204,
                    0.20480184257030487,
                    0.9216082692146301
                ],
                [
                    0.0,
                    0.0,
                    0.0,
                    1.0
                ]
            ],
            "hdri_path": "shady_patch-af759f5b24a034dae6a8ec43ee68e217872c7582.hdr"        },
        {
            "file_path": "results_train_200/r_8.exr",
            "transform_matrix": [
                [
                    -0.15579085052013397,
                    -0.5743619799613953,
                    0.8036401867866516,
                    3.6163806915283203
                ],
                [
                    0.9877901673316956,
                    -0.09058639407157898,
                    0.12674735486507416,
                    0.5703631043434143
                ],
                [
                    0.0,
                    0.8135737776756287,
                    0.5814616680145264,
                    2.616577386856079
                ],
                [
                    0.0,
                    0.0,
                    0.0,
                    1.0
                ]
            ],
            "hdri_path": "dresden_square-b336d3dbcb1bc77c58d303b97533181e5a6fdc9b.hdr"        },
        {
            "file_path": "results_train_200/r_9.exr",
            "transform_matrix": [
                [
                    0.8443451523780823,
                    -0.055013369768857956,
                    -0.5329679846763611,
                    -2.3983559608459473
                ],
                [
                    -0.5357997417449951,
                    -0.08669333904981613,
                    -0.8398826718330383,
                    -3.7794721126556396
                ],
                [
                    0.0,
                    0.9947149157524109,
                    -0.10267524421215057,
                    -0.4620386064052582
                ],
                [
                    0.0,
                    0.0,
                    0.0,
                    1.0
                ]
            ],
            "hdri_path": "xiequ_yuan-d0c74865bc60bf7b536a6bdcc26ce63778afd39a.hdr"        },
        {
            "file_path": "results_train_200/r_10.exr",
            "transform_matrix": [
                [
                    -0.5187677145004272,
                    0.479647696018219,
                    -0.7076850533485413,
                    -3.1845827102661133
                ],
                [
                    -0.8549152612686157,
                    -0.2910531163215637,
                    0.4294275641441345,
                    1.9324240684509277
                ],
                [
                    0.0,
                    0.8277839422225952,
                    0.5610470771789551,
                    2.524711847305298
                ],
                [
                    0.0,
                    0.0,
                    0.0,
                    1.0
                ]
            ],
            "hdri_path": "potsdamer_platz-752820c5b062d2a98c3a785a97ac34dc81e80ee9.hdr"        },
        {
            "file_path": "results_train_200/r_11.exr",
            "transform_matrix": [
                [
                    0.6216573119163513,
                    -0.03816927224397659,
                    0.7823588252067566,
                    3.5206146240234375
                ],
                [
                    0.7832894325256348,
                    0.030293026939034462,
                    -0.6209187507629395,
                    -2.7941343784332275
                ],
                [
                    0.0,
                    0.9988119602203369,
                    0.04872946813702583,
                    0.2192825973033905
                ],
                [
                    0.0,
                    0.0,
                    0.0,
                    1.0
                ]
            ],
            "hdri_path": "hikers_cave-6d95f9c9a88d075e05a2effcd5975199de29861a.hdr"        },
        {
            "file_path": "results_train_200/r_12.exr",
            "transform_matrix": [
                [
                    0.9739616513252258,
                    -0.01807543821632862,
                    -0.2259913831949234,
                    -1.0169612169265747
                ],
                [
                    -0.22671310603618622,
                    -0.07765225321054459,
                    -0.9708611369132996,
                    -4.368875026702881
                ],
                [
                    0.0,
                    0.9968165755271912,
                    -0.07972824573516846,
                    -0.35877710580825806
                ],
                [
                    0.0,
                    0.0,
                    0.0,
                    1.0
                ]
            ],
            "hdri_path": "bismarckturm_2k.exr"        },
        {
            "file_path": "results_train_200/r_13.exr",
            "transform_matrix": [
                [
                    0.39898955821990967,
                    0.5425826907157898,
                    0.7391964197158813,
                    3.3263838291168213
                ],
                [
                    0.9169554710388184,
                    -0.23609088361263275,
                    -0.32164230942726135,
                    -1.4473904371261597
                ],
                [
                    -1.4901161193847656e-08,
                    0.8061421513557434,
                    -0.5917219519615173,
                    -2.6627488136291504
                ],
                [
                    0.0,
                    0.0,
                    0.0,
                    1.0
                ]
            ],
            "hdri_path": "empty_warehouse_01_2k.hdr"        },
        {
            "file_path": "results_train_200/r_14.exr",
            "transform_matrix": [
                [
                    -0.6979873180389404,
                    -0.4739737808704376,
                    0.5368077158927917,
                    2.4156346321105957
                ],
                [
                    0.716110110282898,
                    -0.46197885274887085,
                    0.5232226252555847,
                    2.354501724243164
                ],
                [
                    0.0,
                    0.7496161460876465,
                    0.6618728041648865,
                    2.9784276485443115
                ],
                [
                    0.0,
                    0.0,
                    0.0,
                    1.0
                ]
            ],
            "hdri_path": "abandoned_waterworks_2k.hdr"        },
        {
            "file_path": "results_train_200/r_15.exr",
            "transform_matrix": [
                [
                    0.08424440771341324,
                    0.02650516852736473,
                    0.9960926175117493,
                    4.48241662979126
                ],
                [
                    0.9964451193809509,
                    -0.0022408782970160246,
                    -0.08421460539102554,
                    -0.37896573543548584
                ],
                [
                    0.0,
                    0.9996462464332581,
                    -0.02659972757101059,
                    -0.11969877034425735
                ],
                [
                    0.0,
                    0.0,
                    0.0,
                    1.0
                ]
            ],
            "hdri_path": "pond_bridge_night-cf0e87c30ef33726129c46a8a8139e5dd01a114e.hdr"        },
        {
            "file_path": "results_train_200/r_16.exr",
            "transform_matrix": [
                [
                    0.6779710054397583,
                    -0.1903470903635025,
                    -0.7100164890289307,
                    -3.1950740814208984
                ],
                [
                    -0.7350887060165405,
                    -0.17555676400661469,
                    -0.6548469066619873,
                    -2.9468109607696533
                ],
                [
                    7.450580596923828e-09,
                    0.9658922553062439,
                    -0.2589443624019623,
                    -1.1652495861053467
                ],
                [
                    0.0,
                    0.0,
                    0.0,
                    1.0
                ]
            ],
            "hdri_path": "royal_esplanade-43e25adbcbf630dc04c7429197e200392ce9d600.hdr"        },
        {
            "file_path": "results_train_200/r_17.exr",
            "transform_matrix": [
                [
                    -0.9166338443756104,
                    -0.1908198893070221,
                    -0.35124102234840393,
                    -1.5805846452713013
                ],
                [
                    -0.39972805976867676,
                    0.4375774562358856,
                    0.8054461479187012,
                    3.6245076656341553
                ],
                [
                    0.0,
                    0.8786999583244324,
                    -0.4773743450641632,
                    -2.1481845378875732
                ],
                [
                    0.0,
                    0.0,
                    0.0,
                    1.0
                ]
            ],
            "hdri_path": "winter_river-264ef83d14e52199b0764c7942d5ea3ff4367cbb.hdr"        },
        {
            "file_path": "results_train_200/r_18.exr",
            "transform_matrix": [
                [
                    0.8504701256752014,
                    -0.14462201297283173,
                    0.5057521462440491,
                    2.2758846282958984
                ],
                [
                    0.5260235667228699,
                    0.23382353782653809,
                    -0.8176954388618469,
                    -3.679629325866699
                ],
                [
                    7.450581485102248e-09,
                    0.9614629149436951,
                    0.2749345004558563,
                    1.2372052669525146
                ],
                [
                    0.0,
                    0.0,
                    0.0,
                    1.0
                ]
            ],
            "hdri_path": "night_bridge-ca03d86383528fcfe48d4cf76dc3a22d12bc2b11.hdr"        },
        {
            "file_path": "results_train_200/r_19.exr",
            "transform_matrix": [
                [
                    0.8608574867248535,
                    0.3999136686325073,
                    -0.3146321773529053,
                    -1.4158447980880737
                ],
                [
                    -0.5088460445404053,
                    0.6765674352645874,
                    -0.5322895646095276,
                    -2.3953030109405518
                ],
                [
                    1.4901159417490817e-08,
                    0.618324875831604,
                    0.7859227061271667,
                    3.536652088165283
                ],
                [
                    0.0,
                    0.0,
                    0.0,
                    1.0
                ]
            ],
            "hdri_path": "nagoya_wall_path-4b5cd3664cd485a1ea035c6420745f45967d4e86.hdr"        },
        {
            "file_path": "results_train_200/r_20.exr",
            "transform_matrix": [
                [
                    0.5636663436889648,
                    0.3770841956138611,
                    -0.7349066138267517,
                    -3.307079792022705
                ],
                [
                    -0.8260026574134827,
                    0.2573232352733612,
                    -0.5015022158622742,
                    -2.2567598819732666
                ],
                [
                    -1.4901162970204496e-08,
                    0.8897146582603455,
                    0.4565170109272003,
                    2.0543265342712402
                ],
                [
                    0.0,
                    0.0,
                    0.0,
                    1.0
                ]
            ],
            "hdri_path": "kiara_5_noon-9201316c15b0537aca43647cbb121cb58bc4fc1a.hdr"        },
        {
            "file_path": "results_train_200/r_21.exr",
            "transform_matrix": [
                [
                    -0.9828708171844482,
                    0.035459041595458984,
                    0.18085244297981262,
                    0.8138359785079956
                ],
                [
                    0.18429581820964813,
                    0.18910714983940125,
                    0.9645069241523743,
                    4.340281009674072
                ],
                [
                    0.0,
                    0.981316089630127,
                    -0.19240286946296692,
                    -0.8658128976821899
                ],
                [
                    0.0,
                    0.0,
                    0.0,
                    1.0
                ]
            ],
            "hdri_path": "veld_fire-dfa3c0c269132c745f5822dc208308517f4f1200.hdr"        },
        {
            "file_path": "results_train_200/r_22.exr",
            "transform_matrix": [
                [
                    -0.2688623368740082,
                    0.558800220489502,
                    -0.7845096588134766,
                    -3.5302934646606445
                ],
                [
                    -0.9631786346435547,
                    -0.15598386526107788,
                    0.2189885675907135,
                    0.9854485392570496
                ],
                [
                    1.4901161193847656e-08,
                    0.8145006895065308,
                    0.580162525177002,
                    2.610731363296509
                ],
                [
                    0.0,
                    0.0,
                    0.0,
                    1.0
                ]
            ],
            "hdri_path": "river_walk_2-eb6aa12958a2d51d559203eb98d050be00ca940c.hdr"        },
        {
            "file_path": "results_train_200/r_23.exr",
            "transform_matrix": [
                [
                    0.5656703114509583,
                    0.4229532778263092,
                    -0.7079036831855774,
                    -3.1855664253234863
                ],
                [
                    -0.8246315717697144,
                    0.29013216495513916,
                    -0.4855988323688507,
                    -2.185194730758667
                ],
                [
                    1.4901162970204496e-08,
                    0.8584484457969666,
                    0.5128997564315796,
                    2.308048963546753
                ],
                [
                    0.0,
                    0.0,
                    0.0,
                    1.0
                ]
            ],
            "hdri_path": "roofless_ruins-03233abec00decf82cf45b0802fe36ac586fdf58.hdr"        },
        {
            "file_path": "results_train_200/r_24.exr",
            "transform_matrix": [
                [
                    0.9208254218101501,
                    0.31190046668052673,
                    -0.23409104347229004,
                    -1.0534096956253052
                ],
                [
                    -0.38997501134872437,
                    0.7364725470542908,
                    -0.5527456402778625,
                    -2.4873554706573486
                ],
                [
                    0.0,
                    0.6002718806266785,
                    0.7997959852218628,
                    3.5990819931030273
                ],
                [
                    0.0,
                    0.0,
                    0.0,
                    1.0
                ]
            ],
            "hdri_path": "under_bridge-3da2ad07dd6bcc715d7aa01d83671a87b4a7956a.hdr"        },
        {
            "file_path": "results_train_200/r_25.exr",
            "transform_matrix": [
                [
                    0.9018933773040771,
                    0.18006585538387299,
                    0.3926381468772888,
                    1.766871690750122
                ],
                [
                    0.4319588243961334,
                    -0.37596219778060913,
                    -0.8197950720787048,
                    -3.689077854156494
                ],
                [
                    0.0,
                    0.9089712500572205,
                    -0.41685885190963745,
                    -1.875864863395691
                ],
                [
                    0.0,
                    0.0,
                    0.0,
                    1.0
                ]
            ],
            "hdri_path": "georgentor-cb5adb7ef4dabc3679a658d4c55d177daedbf55f.hdr"        },
        {
            "file_path": "results_train_200/r_26.exr",
            "transform_matrix": [
                [
                    0.48966333270072937,
                    -0.19634577631950378,
                    0.8495164513587952,
                    3.822824001312256
                ],
                [
                    0.8719115853309631,
                    0.1102672815322876,
                    -0.47708627581596375,
                    -2.146888256072998
                ],
                [
                    7.450580596923828e-09,
                    0.9743148684501648,
                    0.22518998384475708,
                    1.0133548974990845
                ],
                [
                    0.0,
                    0.0,
                    0.0,
                    1.0
                ]
            ],
            "hdri_path": "small_hangar_01-45e4b61f48e6d3235e21fc0abce98450799fb6c2.hdr"        },
        {
            "file_path": "results_train_200/r_27.exr",
            "transform_matrix": [
                [
                    0.7433348298072815,
                    -0.30494627356529236,
                    0.5953664183616638,
                    2.6791489124298096
                ],
                [
                    0.668919563293457,
                    0.3388705849647522,
                    -0.6615990996360779,
                    -2.977195978164673
                ],
                [
                    1.4901161193847656e-08,
                    0.8900418877601624,
                    0.4558787941932678,
                    2.051454544067383
                ],
                [
                    0.0,
                    0.0,
                    0.0,
                    1.0
                ]
            ],
            "hdri_path": "teufelsberg_ground_2-e720e0ebd583c2174996ab7a0c786d38142880ad.hdr"        },
        {
            "file_path": "results_train_200/r_28.exr",
            "transform_matrix": [
                [
                    -0.05384664237499237,
                    0.7552438378334045,
                    -0.6532284021377563,
                    -2.939527750015259
                ],
                [
                    -0.998549222946167,
                    -0.0407264307141304,
                    0.03522526100277901,
                    0.15851368010044098
                ],
                [
                    0.0,
                    0.6541774272918701,
                    0.7563410997390747,
                    3.4035348892211914
                ],
                [
                    0.0,
                    0.0,
                    0.0,
                    1.0
                ]
            ],
            "hdri_path": "bell_park_dawn-302ffd6e716dad38637c74f0a2c19959acc9a7f8.hdr"        },
        {
            "file_path": "results_train_200/r_29.exr",
            "transform_matrix": [
                [
                    0.7379931807518005,
                    -0.20873886346817017,
                    -0.6417118906974792,
                    -2.8877034187316895
                ],
                [
                    -0.674808144569397,
                    -0.22828392684459686,
                    -0.7017979621887207,
                    -3.158090829849243
                ],
                [
                    0.0,
                    0.9509544968605042,
                    -0.30933064222335815,
                    -1.391987919807434
                ],
                [
                    0.0,
                    0.0,
                    0.0,
                    1.0
                ]
            ],
            "hdri_path": "vintage_measuring_lab-3120a37f91c250e54b54f85f142513f905b6cc67.hdr"        },
        {
            "file_path": "results_train_200/r_30.exr",
            "transform_matrix": [
                [
                    0.4694961607456207,
                    -0.4270595610141754,
                    0.7727829813957214,
                    3.4775233268737793
                ],
                [
                    0.8829345107078552,
                    0.2270868420600891,
                    -0.4109236001968384,
                    -1.849156141281128
                ],
                [
                    1.4901161193847656e-08,
                    0.8752437829971313,
                    0.4836820662021637,
                    2.1765692234039307
                ],
                [
                    0.0,
                    0.0,
                    0.0,
                    1.0
                ]
            ],
            "hdri_path": "rooftop_night-f210ab6d3d06b0d2e87d06fc88f7d082bfdc075f.hdr"        },
        {
            "file_path": "results_train_200/r_31.exr",
            "transform_matrix": [
                [
                    -0.2912420332431793,
                    0.4075606167316437,
                    0.8654897212982178,
                    3.8947036266326904
                ],
                [
                    0.9566494822502136,
                    0.12407761067152023,
                    0.26348939538002014,
                    1.1857022047042847
                ],
                [
                    0.0,
                    0.9047093391418457,
                    -0.426029235124588,
                    -1.9171315431594849
                ],
                [
                    0.0,
                    0.0,
                    0.0,
                    1.0
                ]
            ],
            "hdri_path": "old_apartments_walkway-cc1940122c0f9e270cbaaa1daa0f0f2843251569.hdr"        },
        {
            "file_path": "results_train_200/r_32.exr",
            "transform_matrix": [
                [
                    -0.15329515933990479,
                    0.6178826093673706,
                    -0.7711820006370544,
                    -3.4703190326690674
                ],
                [
                    -0.9881805181503296,
                    -0.09585133194923401,
                    0.11963246762752533,
                    0.5383461117744446
                ],
                [
                    0.0,
                    0.7804060578346252,
                    0.6252730488777161,
                    2.8137288093566895
                ],
                [
                    0.0,
                    0.0,
                    0.0,
                    1.0
                ]
            ],
            "hdri_path": "the_lost_city_2k.hdr"        },
        {
            "file_path": "results_train_200/r_33.exr",
            "transform_matrix": [
                [
                    -0.7539224624633789,
                    -0.24467621743679047,
                    0.6097003221511841,
                    2.7436513900756836
                ],
                [
                    0.6569634675979614,
                    -0.2807871401309967,
                    0.6996839642524719,
                    3.1485776901245117
                ],
                [
                    -1.4901161193847656e-08,
                    0.9280582666397095,
                    0.372435063123703,
                    1.6759577989578247
                ],
                [
                    0.0,
                    0.0,
                    0.0,
                    1.0
                ]
            ],
            "hdri_path": "the_sky_is_on_fire-06ef9758db4fda63736ff9a93cfeb065c38b9263.hdr"        },
        {
            "file_path": "results_train_200/r_34.exr",
            "transform_matrix": [
                [
                    -0.2939206659793854,
                    -0.8664759397506714,
                    0.40352219343185425,
                    1.8158499002456665
                ],
                [
                    0.9558298587799072,
                    -0.26644405722618103,
                    0.12408433854579926,
                    0.5583795309066772
                ],
                [
                    -7.450580596923828e-09,
                    0.4221694767475128,
                    0.9065169095993042,
                    4.079326152801514
                ],
                [
                    0.0,
                    0.0,
                    0.0,
                    1.0
                ]
            ],
            "hdri_path": "symmetrical_garden-252c06015a0d94a285d5ab5ae26286dc8465f78e.hdr"        },
        {
            "file_path": "results_train_200/r_35.exr",
            "transform_matrix": [
                [
                    0.5175992846488953,
                    0.07224529981613159,
                    0.8525676727294922,
                    3.836554527282715
                ],
                [
                    0.855623185634613,
                    -0.04370395094156265,
                    -0.5157508850097656,
                    -2.3208789825439453
                ],
                [
                    0.0,
                    0.996428906917572,
                    -0.08443588018417358,
                    -0.37996146082878113
                ],
                [
                    0.0,
                    0.0,
                    0.0,
                    1.0
                ]
            ],
            "hdri_path": "spruit_dawn-b139fbcbf5f6bc3897b29e2dc347ee1381056bd4.hdr"        },
        {
            "file_path": "results_train_200/r_36.exr",
            "transform_matrix": [
                [
                    0.9965691566467285,
                    -0.04891759157180786,
                    0.0667620375752449,
                    0.30042916536331177
                ],
                [
                    0.08276533335447311,
                    0.5890117883682251,
                    -0.8038750290870667,
                    -3.6174376010894775
                ],
                [
                    3.725290298461914e-09,
                    0.8066425919532776,
                    0.5910395979881287,
                    2.6596782207489014
                ],
                [
                    0.0,
                    0.0,
                    0.0,
                    1.0
                ]
            ],
            "hdri_path": "construction_yard_2k.hdr"        },
        {
            "file_path": "results_train_200/r_37.exr",
            "transform_matrix": [
                [
                    -0.7397028207778931,
                    0.32892554998397827,
                    -0.5870670676231384,
                    -2.6418018341064453
                ],
                [
                    -0.6729336977005005,
                    -0.3615618348121643,
                    0.6453164219856262,
                    2.903923749923706
                ],
                [
                    1.4901161193847656e-08,
                    0.8723995685577393,
                    0.48879337310791016,
                    2.1995701789855957
                ],
                [
                    0.0,
                    0.0,
                    0.0,
                    1.0
                ]
            ],
            "hdri_path": "gray_pier-2d009f5a637b126eefc666d1f8d89892acf1bc97.hdr"        },
        {
            "file_path": "results_train_200/r_38.exr",
            "transform_matrix": [
                [
                    0.794870138168335,
                    -0.4115944504737854,
                    -0.44583791494369507,
                    -2.00627064704895
                ],
                [
                    -0.6067795753479004,
                    -0.5391812324523926,
                    -0.5840395092964172,
                    -2.6281778812408447
                ],
                [
                    -1.4901161193847656e-08,
                    0.7347608804702759,
                    -0.6783261299133301,
                    -3.0524675846099854
                ],
                [
                    0.0,
                    0.0,
                    0.0,
                    1.0
                ]
            ],
            "hdri_path": "teufelsberg_roof-ec89760378c72f7b1e17ac41553e25752ee98a73.hdr"        },
        {
            "file_path": "results_train_200/r_39.exr",
            "transform_matrix": [
                [
                    -0.5318483114242554,
                    -0.812256932258606,
                    -0.23953337967395782,
                    -1.0779001712799072
                ],
                [
                    -0.8468396067619324,
                    0.5101290345191956,
                    0.15043629705905914,
                    0.6769633293151855
                ],
                [
                    7.4505797087454084e-09,
                    0.28285545110702515,
                    -0.9591625332832336,
                    -4.3162312507629395
                ],
                [
                    0.0,
                    0.0,
                    0.0,
                    1.0
                ]
            ],
            "hdri_path": "railway_bridge_02_2k.hdr"        },
        {
            "file_path": "results_train_200/r_40.exr",
            "transform_matrix": [
                [
                    0.698752760887146,
                    -0.11695332825183868,
                    0.705738365650177,
                    3.1758224964141846
                ],
                [
                    0.7153633236885071,
                    0.1142376959323883,
                    -0.6893512606620789,
                    -3.1020805835723877
                ],
                [
                    0.0,
                    0.9865452647209167,
                    0.16348803043365479,
                    0.7356961369514465
                ],
                [
                    0.0,
                    0.0,
                    0.0,
                    1.0
                ]
            ],
            "hdri_path": "piazza_san_marco-bd2004d07440e1e643ecfdab8d83b2929b0382bb.hdr"        },
        {
            "file_path": "results_train_200/r_41.exr",
            "transform_matrix": [
                [
                    -0.8279286623001099,
                    -0.3456742465496063,
                    0.44163718819618225,
                    1.9873672723770142
                ],
                [
                    0.5608333945274353,
                    -0.5103005766868591,
                    0.6519656181335449,
                    2.933845281600952
                ],
                [
                    -1.4901161193847656e-08,
                    0.7874659895896912,
                    0.6163581609725952,
                    2.7736117839813232
                ],
                [
                    0.0,
                    0.0,
                    0.0,
                    1.0
                ]
            ],
            "hdri_path": "blue_lagoon_night-4b232b993732bed1bfc94d3b3d8403dca296ca37.hdr"        },
        {
            "file_path": "results_train_200/r_42.exr",
            "transform_matrix": [
                [
                    -0.37017151713371277,
                    0.24492304027080536,
                    -0.8960947394371033,
                    -4.032426357269287
                ],
                [
                    -0.9289634227752686,
                    -0.09759645909070969,
                    0.3570740818977356,
                    1.6068333387374878
                ],
                [
                    -7.4505797087454084e-09,
                    0.964617908000946,
                    0.2636519968509674,
                    1.186434030532837
                ],
                [
                    0.0,
                    0.0,
                    0.0,
                    1.0
                ]
            ],
            "hdri_path": "cabin-9ee589478970bb7a1cc8f1fd964eb2a0026f542f.hdr"        },
        {
            "file_path": "results_train_200/r_43.exr",
            "transform_matrix": [
