{
    "camera_angle_x": 0.6911112070083618,
    "frames": [
        {
            "file_path": "results_test_10/r_0.exr",
            "transform_matrix": [
                [
                    0.8088884353637695,
                    0.4239403307437897,
                    -0.4073992073535919,
                    -1.8332964181900024
                ],
                [
                    -0.5879622101783752,
                    0.583235502243042,
                    -0.5604791045188904,
                    -2.522156000137329
                ],
                [
                    -1.4901161193847656e-08,
                    0.6929004192352295,
                    0.7210333347320557,
                    3.244649887084961
                ],
                [
                    0.0,
                    0.0,
                    0.0,
                    1.0
                ]
            ],
            "hdri_path": "mpumalanga_veld-510bd25a877ea20a7d96f38225a6653cf6fce283.hdr",
            "illum_idx": 193
        },
        {
            "file_path": "results_test_10/r_1.exr",
            "transform_matrix": [
                [
                    0.9622182846069336,
                    -0.18465937674045563,
                    0.20009267330169678,
                    0.9004170298576355
                ],
                [
                    0.2722795903682709,
                    0.6525741815567017,
                    -0.7071143984794617,
                    -3.1820147037506104
                ],
                [
                    -1.4901162970204496e-08,
                    0.7348795533180237,
                    0.6781976819038391,
                    3.051889657974243
                ],
                [
                    0.0,
                    0.0,
                    0.0,
                    1.0
                ]
            ],
            "hdri_path": "fireplace-e8fd2718472c683e640fb7c9f6268dcb8aa170e2.hdr",
            "illum_idx": 49
        },
        {
            "file_path": "results_test_10/r_2.exr",
            "transform_matrix": [
                [
                    -0.918775737285614,
                    -0.05394800379872322,
                    0.39107638597488403,
                    1.7598437070846558
                ],
                [
                    0.39477983117103577,
                    -0.12555381655693054,
                    0.9101566672325134,
                    4.095705032348633
                ],
                [
                    -3.725290298461914e-09,
                    0.990618884563446,
                    0.13665340840816498,
                    0.614940345287323
                ],
                [
                    0.0,
                    0.0,
                    0.0,
                    1.0
                ]
            ],
            "hdri_path": "small_hangar_02-6314415753feec5b5a7ef4e549adae5c8ce1c0d2.hdr",
            "illum_idx": 85
        },
        {
            "file_path": "results_test_10/r_3.exr",
            "transform_matrix": [
                [
                    0.442564994096756,
                    0.04244878515601158,
                    0.8957312107086182,
                    4.030790328979492
                ],
                [
                    0.8967364430427551,
                    -0.02094968408346176,
                    -0.442068874835968,
                    -1.9893099069595337
                ],
                [
                    -1.8626449271863521e-09,
                    0.998879075050354,
                    -0.047336969524621964,
                    -0.2130163609981537
                ],
                [
                    0.0,
                    0.0,
                    0.0,
                    1.0
                ]
            ],
            "hdri_path": "belvedere-14cd5d11f639a62c9e3a16a295ec3c407481b147.hdr",
            "illum_idx": 173
        },
        {
            "file_path": "results_test_10/r_4.exr",
            "transform_matrix": [
                [
                    -0.5417308807373047,
                    0.07180727273225784,
                    -0.8374791741371155,
                    -3.7686562538146973
                ],
                [
                    -0.840552031993866,
                    -0.04627936705946922,
                    0.5397504568099976,
                    2.428877115249634
                ],
                [
                    3.725290298461914e-09,
                    0.9963443279266357,
                    0.08542869985103607,
                    0.3844291567802429
                ],
                [
                    0.0,
                    0.0,
                    0.0,
                    1.0
                ]
            ],
            "hdri_path": "residential_garden-0f4bd12d9806503a1ed79f248a8c29c8fbedf0bf.hdr",
            "illum_idx": 134
        },
        {
            "file_path": "results_test_10/r_5.exr",
            "transform_matrix": [
                [
                    -0.7435141205787659,
                    -0.027686022222042084,
                    -0.6681469082832336,
                    -3.0066609382629395
                ],
                [
                    -0.6687202453613281,
                    0.03078259900212288,
                    0.7428766489028931,
                    3.342944860458374
                ],
                [
                    -1.8626449271863521e-09,
                    0.999142587184906,
                    -0.04140150174498558,
                    -0.18630675971508026
                ],
                [
                    0.0,
                    0.0,
                    0.0,
                    1.0
                ]
            ],
            "hdri_path": "lot_02-7552b684f5e037487f5b077ef6ecea78f28f26d8.hdr",
            "illum_idx": 171
        },
        {
            "file_path": "results_test_10/r_6.exr",
            "transform_matrix": [
                [
                    -0.8972969055175781,
                    -0.008472488261759281,
                    0.4413464069366455,
                    1.9860588312149048
                ],
                [
                    0.4414277672767639,
                    -0.017222154885530472,
                    0.8971315026283264,
                    4.0370917320251465
                ],
                [
                    0.0,
                    0.9998157620429993,
                    0.01919337548315525,
                    0.08637018501758575
                ],
                [
                    0.0,
                    0.0,
                    0.0,
                    1.0
                ]
            ],
            "hdri_path": "hall_of_finfish-8886d76745be99f3e0d0e3b642860da0ab9ecdc7.hdr",
            "illum_idx": 114
        },
        {
            "file_path": "results_test_10/r_7.exr",
            "transform_matrix": [
                [
                    -0.052153583616018295,
                    -0.35041022300720215,
                    0.9351431727409363,
                    4.208144187927246
                ],
                [
                    0.9986391067504883,
                    -0.018300054594874382,
                    0.048837531358003616,
                    0.21976889669895172
                ],
                [
                    1.862645149230957e-09,
                    0.9364175200462341,
                    0.3508877456188202,
                    1.578994870185852
                ],
                [
                    0.0,
                    0.0,
                    0.0,
                    1.0
                ]
            ],
            "hdri_path": "blender_institute-84fffc2f5937b0ebbbf1cdd409e944b69c2923d9.hdr",
            "illum_idx": 78
        },
        {
            "file_path": "results_test_10/r_8.exr",
            "transform_matrix": [
                [
                    -0.4736865758895874,
                    -0.5681103467941284,
                    0.6729574203491211,
                    3.028308391571045
                ],
                [
                    0.8806934952735901,
                    -0.30556172132492065,
                    0.36195439100265503,
                    1.62879478931427
                ],
                [
                    0.0,
                    0.7641221880912781,
                    0.6450715661048889,
                    2.9028220176696777
                ],
                [
                    0.0,
                    0.0,
                    0.0,
                    1.0
                ]
            ],
            "hdri_path": "moulton_falls_train_tunnel_east-077dc7a5cadb8366849bf6e63cad51e69e375980.hdr",
            "illum_idx": 157
        },
        {
            "file_path": "results_test_10/r_9.exr",
            "transform_matrix": [
                [
                    0.5561684370040894,
                    0.3399178385734558,
                    -0.7583749890327454,
                    -3.412687301635742
                ],
                [
                    -0.8310696482658386,
                    0.22747980058193207,
                    -0.5075197219848633,
                    -2.2838387489318848
                ],
                [
                    -1.4901161193847656e-08,
                    0.9125287532806396,
                    0.40901246666908264,
                    1.8405561447143555
                ],
                [
                    0.0,
                    0.0,
                    0.0,
                    1.0
                ]
            ],
            "hdri_path": "cabin-9ee589478970bb7a1cc8f1fd964eb2a0026f542f.hdr",
            "illum_idx": 42
        }
    ]
}
